# 2.5R

1 2 [45,21,31] 4 6 [144,76,88] 6 12 [237,104,124]
1 4 [54,14,33] 4 8 [156,68,84] 6 14 [249,94,120]
1 6 [62,3,34] 4 10 [167,57,81] 6 16 [255,79,116]
1 8 [70,0,36] 4 12 [178,44,78] 6 18 [255,62,112]
1 10 [78,0,38] 4 14 [189,18,75] 7 2 [193,167,177]
2 2 [66,43,50] 4 16 [199,0,72] 7 4 [209,162,171]
2 4 [77,36,49] 4 18 [210,0,70] 7 6 [225,155,165]
2 6 [87,28,49] 5 2 [141,116,123] 7 8 [240,148,160]
2 8 [98,14,49] 5 4 [156,109,118] 7 10 [254,140,154]
2 10 [107,0,49] 5 6 [171,102,113] 7 12 [255,130,148]
2 12 [117,0,50] 5 8 [184,95,108] 7 14 [255,120,144]
2 14 [127,0,51] 5 10 [197,86,104] 7 16 [255,107,139]
3 2 [92,65,71] 5 12 [209,74,100] 8 2 [218,194,205]
3 4 [106,58,67] 5 14 [219,62,97] 8 4 [237,188,198]
3 6 [117,50,64] 5 16 [231,42,93] 8 6 [254,181,192]
3 8 [129,39,61] 5 18 [242,0,90] 8 8 [255,173,185]
3 10 [140,21,58] 5 20 [253,0,88] 8 10 [255,165,179]
3 12 [151,0,56] 6 2 [167,141,150] 9 2 [245,221,233]
3 14 [160,0,54] 6 4 [183,135,145] 9 4 [255,214,225]
3 16 [170,0,53] 6 6 [198,129,139] 9 6 [255,206,218]
4 2 [116,90,96] 6 8 [211,122,134]
4 4 [131,83,92] 6 10 [224,114,129]

# 5R

1 2 [46,21,29] 4 4 [132,83,87] 6 8 [212,122,126]
1 4 [55,14,29] 4 6 [145,76,80] 6 10 [226,114,118]
1 6 [64,2,29] 4 8 [157,68,74] 6 12 [239,105,111]
1 8 [72,0,29] 4 10 [168,58,67] 6 14 [250,95,104]
1 10 [79,0,30] 4 12 [178,46,61] 6 16 [255,82,96]
2 2 [67,43,48] 4 14 [189,24,55] 6 18 [255,65,89]
2 4 [78,36,45] 4 16 [199,0,49] 7 2 [194,167,175]
2 6 [88,28,42] 4 18 [209,0,44] 7 4 [211,162,167]
2 8 [99,13,40] 5 2 [141,116,121] 7 6 [226,155,159]
2 10 [109,0,39] 5 4 [158,109,114] 7 8 [242,148,151]
2 12 [118,0,38] 5 6 [172,103,106] 7 10 [255,140,144]
2 14 [129,0,37] 5 8 [185,95,99] 7 12 [255,131,135]
3 2 [92,65,69] 5 10 [198,86,91] 7 14 [255,121,127]
3 4 [107,58,62] 5 12 [210,75,84] 8 2 [218,194,203]
3 6 [118,51,57] 5 14 [220,63,78] 8 4 [239,188,194]
3 8 [130,40,51] 5 16 [232,45,71] 8 6 [255,181,185]
3 10 [141,23,46] 5 18 [242,2,65] 8 8 [255,173,176]
3 12 [151,0,42] 5 20 [252,0,60] 8 10 [255,165,167]
3 14 [160,0,38] 6 2 [167,141,148] 9 2 [246,221,231]
3 16 [170,0,35] 6 4 [184,135,140] 9 4 [255,214,220]
4 2 [117,90,94] 6 6 [199,129,132] 9 6 [255,206,210]

# 7.5R

1 2 [46,21,27] 4 6 [145,77,74] 6 10 [227,115,104]
1 4 [56,14,25] 4 8 [157,69,65] 6 12 [239,107,93]
1 6 [65,2,23] 4 10 [168,60,56] 6 14 [250,97,82]
1 8 [73,0,23] 4 12 [178,49,46] 6 16 [255,86,69]
1 10 [80,0,23] 4 14 [188,32,36] 6 18 [255,73,56]
2 2 [67,43,46] 4 16 [197,0,26] 7 2 [195,167,173]
2 4 [79,37,41] 4 18 [206,0,14] 7 4 [212,162,162]
2 6 [89,29,36] 4 20 [216,0,0] 7 6 [227,156,152]
2 8 [99,16,31] 5 2 [142,116,119] 7 8 [243,148,140]
2 10 [109,0,27] 5 4 [158,109,109] 7 10 [255,141,130]
2 12 [119,0,23] 5 6 [172,103,99] 7 12 [255,133,117]
2 14 [128,0,21] 5 8 [186,96,89] 7 14 [255,124,105]
3 2 [92,65,67] 5 10 [198,87,79] 7 16 [255,113,92]
3 4 [106,59,58] 5 12 [210,77,68] 8 2 [219,194,201]
3 6 [118,51,50] 5 14 [220,66,58] 8 4 [240,188,189]
3 8 [129,42,42] 5 16 [230,51,46] 8 6 [255,181,177]
3 10 [139,28,33] 5 18 [239,29,34] 8 8 [255,174,164]
3 12 [150,0,25] 5 20 [248,0,21] 8 10 [255,166,153]
3 14 [159,0,18] 6 2 [168,141,145] 9 2 [247,221,229]
3 16 [168,0,9] 6 4 [185,136,136] 9 4 [255,214,214]
4 2 [117,90,92] 6 6 [199,129,126] 9 6 [255,207,201]
4 4 [132,83,83] 6 8 [213,123,116]

# 10.0R

1 2 [46,22,25] 4 6 [144,78,66] 6 14 [246,102,52]
1 4 [56,14,20] 4 8 [156,71,54] 6 16 [255,95,28]
1 6 [65,2,17] 4 10 [166,63,40] 6 18 [255,86,0]
1 8 [73,0,14] 4 12 [174,55,22] 7 2 [195,167,170]
1 10 [81,0,12] 4 14 [183,44,0] 7 4 [212,162,156]
2 2 [67,43,44] 4 16 [189,32,0] 7 6 [228,156,143]
2 4 [78,37,36] 5 2 [142,116,116] 7 8 [242,150,128]
2 6 [88,30,28] 5 4 [158,110,104] 7 10 [254,144,114]
2 8 [98,18,20] 5 6 [172,104,90] 7 12 [255,136,97]
2 10 [108,0,13] 5 8 [185,97,77] 7 14 [255,129,78]
2 12 [117,0,5] 5 10 [196,90,61] 7 16 [255,121,56]
2 14 [127,0,0] 5 12 [206,82,44] 8 2 [220,194,199]
3 2 [92,65,64] 5 14 [215,75,24] 8 4 [241,188,183]
3 4 [106,59,54] 5 16 [222,66,0] 8 6 [255,182,168]
3 6 [117,53,44] 5 18 [229,56,0] 8 8 [255,176,152]
3 8 [128,44,32] 6 2 [169,141,143] 8 10 [255,169,137]
3 10 [137,33,20] 6 4 [185,136,130] 9 2 [248,221,226]
3 12 [147,12,1] 6 6 [199,130,117] 9 4 [255,214,208]
3 14 [156,0,0] 6 8 [212,124,103] 9 6 [255,208,192]
4 2 [117,90,90] 6 10 [225,117,88]
4 4 [132,84,78] 6 12 [236,110,72]

# 2.5YR

1 2 [46,22,21] 5 2 [142,116,113] 7 6 [226,158,134]
1 4 [57,14,12] 5 4 [157,111,99] 7 8 [239,152,117]
1 6 [65,4,5] 5 6 [170,106,83] 7 10 [250,147,100]
1 8 [73,0,0] 5 8 [182,100,65] 7 12 [255,141,78]
2 2 [66,44,42] 5 10 [191,95,46] 7 14 [255,136,51]
2 4 [78,38,31] 5 12 [198,90,21] 7 16 [255,131,4]
2 6 [87,32,20] 5 14 [204,86,0] 7 18 [255,128,0]
2 8 [96,22,2] 5 16 [208,82,0] 7 20 [255,125,0]
3 2 [91,66,62] 6 2 [169,141,139] 8 2 [221,194,195]
3 4 [104,61,49] 6 4 [184,137,125] 8 4 [240,189,176]
3 6 [114,55,35] 6 6 [198,132,109] 8 6 [255,184,159]
3 8 [123,49,18] 6 8 [210,126,93] 8 8 [255,178,141]
3 10 [130,43,0] 6 10 [221,121,74] 8 10 [255,173,122]
4 2 [117,90,87] 6 12 [230,116,52] 8 12 [255,167,101]
4 4 [131,85,73] 6 14 [238,111,21] 9 2 [249,221,223]
4 6 [142,80,58] 6 16 [243,107,0] 9 4 [255,215,202]
4 8 [152,75,42] 6 18 [248,103,0] 9 6 [255,210,182]
4 10 [160,69,20] 7 2 [195,168,167]
4 12 [166,65,0] 7 4 [211,163,151]

# 5.0YR

1 2 [45,23,17] 5 6 [167,108,74] 7 8 [234,156,106]
1 4 [55,16,2] 5 8 [177,104,54] 7 10 [244,152,85]
2 2 [65,44,39] 5 10 [184,100,31] 7 12 [253,148,58]
2 4 [75,40,25] 5 12 [190,97,0] 7 14 [255,144,17]
2 6 [84,35,5] 5 14 [194,94,0] 7 16 [255,141,0]
3 2 [90,67,60] 6 2 [168,142,137] 7 18 [255,139,0]
3 4 [101,63,45] 6 4 [182,138,119] 7 20 [255,138,0]
3 6 [110,58,27] 6 6 [195,134,100] 8 2 [221,194,191]
3 8 [117,54,1] 6 8 [206,130,80] 8 4 [238,190,171]
4 2 [116,91,84] 6 10 [215,126,58] 8 6 [251,186,151]
4 4 [129,87,67] 6 12 [222,122,29] 8 8 [255,182,129]
4 6 [139,83,50] 6 14 [227,119,0] 8 10 [255,178,108]
4 8 [147,79,31] 6 16 [231,117,0] 8 12 [255,174,83]
4 10 [153,75,0] 6 18 [234,115,0] 8 14 [255,170,53]
4 12 [158,72,0] 7 2 [195,168,164] 9 2 [249,221,218]
5 2 [141,116,111] 7 4 [210,164,145] 9 4 [255,217,195]
5 4 [155,112,93] 7 6 [223,160,125] 9 6 [255,212,174]

# 7.5YR

1 2 [43,24,14] 5 10 [177,105,10] 7 14 [249,151,0]
2 2 [63,45,37] 5 12 [181,103,0] 7 16 [252,150,0]
2 4 [73,42,20] 5 14 [184,102,0] 7 18 [255,149,0]
2 6 [80,39,0] 6 2 [167,143,134] 8 2 [221,195,187]
3 2 [89,67,58] 6 4 [180,139,115] 8 4 [235,192,166]
3 4 [98,64,41] 6 6 [191,136,93] 8 6 [247,188,144]
3 6 [106,61,20] 6 8 [200,133,70] 8 8 [255,185,120]
3 8 [111,59,0] 6 10 [207,130,43] 8 10 [255,182,96]
4 2 [115,92,82] 6 12 [213,128,0] 8 12 [255,180,67]
4 4 [127,88,62] 6 14 [216,126,0] 8 14 [255,177,24]
4 6 [135,85,43] 6 16 [219,125,0] 8 16 [255,175,0]
4 8 [141,83,19] 7 2 [194,169,161] 8 18 [255,174,0]
4 10 [146,80,0] 7 4 [207,165,140] 8 20 [255,173,0]
5 2 [140,117,109] 7 6 [219,162,118] 9 2 [249,222,213]
5 4 [153,114,89] 7 8 [228,159,96] 9 4 [255,218,189]
5 6 [163,110,67] 7 10 [236,156,72] 9 6 [255,215,166]
5 8 [171,107,44] 7 12 [244,153,38] 9 8 [255,212,143]

# 10.0YR

1 2 [42,25,11] 5 10 [169,110,0] 7 16 [240,157,0]
2 2 [62,46,36] 5 12 [172,109,0] 7 18 [242,156,0]
2 4 [70,44,15] 6 2 [165,144,131] 8 2 [219,196,184]
3 2 [86,69,56] 6 4 [176,141,109] 8 4 [230,194,160]
3 4 [95,66,37] 6 6 [186,139,85] 8 6 [241,192,136]
3 6 [101,64,12] 6 8 [193,137,60] 8 8 [250,189,111]
3 8 [106,62,0] 6 10 [199,135,26] 8 10 [255,187,84]
4 2 [112,93,79] 6 12 [203,134,0] 8 12 [255,185,51]
4 4 [123,90,58] 6 14 [206,133,0] 8 14 [255,184,0]
4 6 [130,88,36] 7 2 [192,170,157] 8 16 [255,182,0]
4 8 [135,86,3] 7 4 [203,167,134] 8 18 [255,182,0]
4 10 [138,85,0] 7 6 [213,165,110] 8 20 [255,181,0]
5 2 [138,118,106] 7 8 [221,163,86] 9 2 [247,223,209]
5 4 [149,116,84] 7 10 [228,161,58] 9 4 [255,221,183]
5 6 [158,113,59] 7 12 [233,159,5] 9 6 [255,219,159]
5 8 [164,111,32] 7 14 [237,158,0] 9 8 [255,216,133]

# 2.5Y
1 2 [39,27,9] 5 12 [162,113,0] 8 2 [216,197,181]
2 2 [59,47,34] 6 2 [162,145,129] 8 4 [225,196,156]
2 4 [66,46,10] 6 4 [171,144,105] 8 6 [234,195,130]
3 2 [84,70,55] 6 6 [179,142,79] 8 8 [241,193,104]
3 4 [91,68,34] 6 8 [185,141,50] 8 10 [247,192,74]
3 6 [96,67,4] 6 10 [190,139,0] 8 12 [252,191,30]
4 2 [110,94,78] 6 12 [193,139,0] 8 14 [255,190,0]
4 4 [118,92,55] 6 14 [195,138,0] 8 16 [255,189,0]
4 6 [124,91,30] 7 2 [189,171,155] 8 18 [255,188,0]
4 8 [128,90,0] 7 4 [199,169,130] 8 20 [255,188,0]
4 10 [131,89,0] 7 6 [207,168,105] 9 2 [244,224,207]
5 2 [136,119,104] 7 8 [213,167,78] 9 4 [254,223,179]
5 4 [145,118,80] 7 10 [219,165,44] 9 6 [255,222,153]
5 6 [152,116,53] 7 12 [223,164,0] 9 8 [255,220,126]
5 8 [157,115,21] 7 14 [226,164,0] 9 10 [255,219,98]
5 10 [160,114,0] 7 16 [228,163,0] 9 12 [255,218,63]

# 5.0Y

1 2 [37,28,9] 6 4 [166,146,102] 8 8 [231,198,96]
2 2 [57,48,34] 6 6 [172,145,74] 8 10 [235,197,63]
2 4 [63,47,6] 6 8 [177,144,42] 8 12 [238,197,0]
3 2 [81,71,55] 6 10 [180,144,0] 8 14 [241,196,0]
3 4 [87,70,33] 6 12 [182,143,0] 8 16 [242,196,0]
3 6 [91,69,0] 6 14 [183,143,0] 8 18 [243,196,0]
4 2 [107,95,77] 7 2 [186,172,153] 9 2 [241,225,205]
4 4 [113,94,52] 7 4 [193,172,127] 9 4 [248,225,177]
4 6 [118,94,25] 7 6 [198,171,100] 9 6 [253,225,149]
4 8 [121,93,0] 7 8 [204,171,71] 9 8 [255,225,119]
5 2 [133,120,103] 7 10 [208,170,29] 9 10 [255,225,89]
5 4 [140,120,77] 7 12 [211,170,0] 9 12 [255,224,45]
5 6 [145,119,48] 7 14 [212,169,0] 9 14 [255,224,0]
5 8 [149,118,10] 7 16 [214,169,0] 9 16 [255,223,0]
5 10 [151,118,0] 8 2 [213,198,179] 9 18 [255,223,0]
5 12 [153,118,0] 8 4 [219,198,153] 9 20 [255,223,0]
6 2 [159,146,128] 8 6 [225,198,125]

# 7.5Y

1 2 [34,28,11] 6 4 [161,147,101] 8 8 [222,200,93]
2 2 [55,49,35] 6 6 [165,148,72] 8 10 [225,201,58]
2 4 [59,49,5] 6 8 [168,148,37] 8 12 [228,201,0]
3 2 [79,71,55] 6 10 [170,148,0] 8 14 [229,201,0]
3 4 [82,72,32] 6 12 [172,147,0] 8 16 [230,200,0]
3 6 [85,71,0] 6 14 [173,147,0] 8 18 [231,200,0]
4 2 [104,96,77] 7 2 [184,173,153] 9 2 [239,226,204]
4 4 [108,96,51] 7 4 [188,173,126] 9 4 [243,227,176]
4 6 [111,96,23] 7 6 [192,174,99] 9 6 [247,227,147]
4 8 [113,96,0] 7 8 [195,174,68] 9 8 [251,228,117]
5 2 [130,121,102] 7 10 [198,174,19] 9 10 [254,228,85]
5 4 [135,121,76] 7 12 [200,174,0] 9 12 [255,228,36]
5 6 [138,122,46] 7 14 [201,174,0] 9 14 [255,228,0]
5 8 [141,122,0] 7 16 [202,174,0] 9 16 [255,228,0]
5 10 [142,121,0] 8 2 [211,199,178] 9 18 [255,228,0]
5 12 [144,121,0] 8 4 [215,200,152]
6 2 [157,147,127] 8 6 [219,200,124]

# 10.0Y

1 2 [31,29,14] 6 4 [157,149,102] 8 8 [215,203,93]
2 2 [52,50,36] 6 6 [159,150,73] 8 10 [216,204,57]
2 4 [54,50,8] 6 8 [160,150,37] 8 12 [217,204,0]
3 2 [76,72,56] 6 10 [161,151,0] 8 14 [218,204,0]
3 4 [78,73,32] 6 12 [161,151,0] 8 16 [218,205,0]
3 6 [79,74,0] 6 14 [162,151,0] 8 18 [218,205,0]
4 2 [101,97,78] 7 2 [181,174,153] 9 2 [236,227,204]
4 4 [103,98,52] 7 4 [184,175,126] 9 4 [239,228,175]
4 6 [105,98,22] 7 6 [186,176,99] 9 6 [241,229,147]
4 8 [106,99,0] 7 8 [187,176,68] 9 8 [243,230,116]
5 2 [128,122,103] 7 10 [189,177,14] 9 10 [245,231,83]
5 4 [130,123,77] 7 12 [189,177,0] 9 12 [246,231,32]
5 6 [131,124,47] 7 14 [190,178,0] 9 14 [247,232,0]
5 8 [133,124,0] 7 16 [190,178,0] 9 16 [247,232,0]
5 10 [133,125,0] 8 2 [208,200,178] 9 18 [248,232,0]
5 12 [134,125,0] 8 4 [211,201,152]
6 2 [154,148,127] 8 6 [213,202,123]

# 2.5GY

1 2 [28,30,17] 6 4 [150,151,104] 8 8 [203,206,99]
2 2 [50,50,38] 6 6 [149,152,77] 8 10 [203,208,62]
2 4 [48,52,15] 6 8 [148,154,43] 8 12 [202,209,0]
3 2 [73,73,57] 6 10 [148,155,0] 8 14 [201,209,0]
3 4 [72,75,35] 6 12 [147,155,0] 8 16 [201,210,0]
3 6 [71,76,3] 6 14 [146,156,0] 8 18 [201,210,0]
4 2 [98,98,80] 7 2 [178,175,154] 9 2 [233,228,204]
4 4 [97,99,55] 7 4 [177,177,129] 9 4 [233,230,177]
4 6 [96,101,28] 7 6 [177,178,104] 9 6 [233,232,149]
4 8 [95,102,0] 7 8 [176,180,73] 9 8 [232,234,119]
5 2 [124,123,105] 7 10 [175,181,27] 9 10 [231,235,87]
5 4 [123,125,80] 7 12 [174,182,0] 9 12 [230,236,37]
5 6 [123,126,52] 7 14 [174,182,0] 9 14 [229,237,0]
5 8 [122,127,11] 7 16 [173,183,0] 9 16 [229,238,0]
5 10 [120,128,0] 8 2 [205,201,179] 9 18 [229,238,0]
5 12 [120,129,0] 8 4 [205,203,154]
6 2 [151,149,129] 8 6 [204,205,127]

# 5.0GY

1 2 [26,30,19] 5 10 [105,132,0] 8 4 [199,204,157]
1 4 [18,33,0] 5 12 [102,133,0] 8 6 [196,207,132]
2 2 [48,51,40] 6 2 [148,149,131] 8 8 [192,209,107]
2 4 [43,53,21] 6 4 [144,152,108] 8 10 [188,211,76]
2 6 [37,55,0] 6 6 [140,155,85] 8 12 [184,213,25]
3 2 [70,74,59] 6 8 [136,157,56] 8 14 [181,215,0]
3 4 [66,76,40] 6 10 [132,158,7] 8 16 [178,216,0]
3 6 [61,78,15] 6 12 [129,160,0] 8 18 [176,216,0]
3 8 [57,80,0] 6 14 [126,161,0] 8 20 [176,217,0]
4 2 [95,98,82] 7 2 [175,175,156] 9 2 [230,229,206]
4 4 [91,101,60] 7 4 [171,178,133] 9 4 [227,232,179]
4 6 [87,103,36] 7 6 [167,181,110] 9 6 [224,234,153]
4 8 [83,105,0] 7 8 [164,183,83] 9 8 [220,237,125]
4 10 [79,106,0] 7 10 [160,185,48] 9 10 [216,239,95]
5 2 [121,124,107] 7 12 [156,186,0] 9 12 [212,241,55]
5 4 [117,126,85] 7 14 [153,187,0] 9 14 [209,242,0]
5 6 [113,129,61] 7 16 [151,188,0] 9 16 [206,244,0]
5 8 [109,131,30] 8 2 [202,202,181] 9 18 [204,244,0]

# 7.5GY

1 2 [24,31,22] 5 8 [90,134,52] 7 18 [99,197,0]
1 4 [9,34,5] 5 10 [79,136,20] 8 2 [196,203,186]
2 2 [45,51,43] 5 12 [68,138,0] 8 4 [187,207,166]
2 4 [36,54,28] 5 14 [56,140,0] 8 6 [179,210,145]
2 6 [25,57,10] 6 2 [142,151,135] 8 8 [171,213,124]
2 8 [2,59,0] 6 4 [134,154,117] 8 10 [162,216,101]
3 2 [67,74,63] 6 6 [126,157,98] 8 12 [152,219,72]
3 4 [58,77,47] 6 8 [117,160,75] 8 14 [142,222,26]
3 6 [49,80,30] 6 10 [107,163,50] 8 16 [133,224,0]
3 8 [37,82,2] 6 12 [97,165,4] 8 18 [125,225,0]
3 10 [17,84,0] 6 14 [86,167,0] 8 20 [119,226,0]
4 2 [91,99,86] 6 16 [77,169,0] 9 2 [223,230,211]
4 4 [82,103,68] 7 2 [169,177,160] 9 4 [214,234,189]
4 6 [73,105,49] 7 4 [161,180,142] 9 6 [206,238,166]
4 8 [62,108,25] 7 6 [153,183,122] 9 8 [197,242,144]
4 10 [50,110,0] 7 8 [144,187,101] 9 10 [188,245,119]
4 12 [33,112,0] 7 10 [135,189,77] 9 12 [179,247,92]
5 2 [117,125,111] 7 12 [125,192,46] 9 14 [169,250,57]
5 4 [109,128,93] 7 14 [115,194,0] 9 16 [159,252,0]
5 6 [99,131,74] 7 16 [106,196,0] 9 18 [150,254,0]

# 10.0GY

1 2 [22,31,24] 5 4 [101,129,100] 7 16 [21,201,35]
1 4 [1,35,13] 5 6 [88,133,86] 7 18 [0,204,0]
1 6 [0,37,2] 5 8 [72,136,70] 7 20 [0,206,0]
2 2 [43,51,45] 5 10 [51,139,53] 7 22 [0,208,0]
2 4 [30,55,35] 5 12 [4,142,30] 8 2 [191,204,190]
2 6 [11,57,24] 5 14 [0,144,0] 8 4 [179,208,174]
2 8 [0,60,10] 5 16 [0,146,0] 8 6 [166,213,158]
2 10 [0,62,0] 5 18 [0,148,0] 8 8 [153,216,143]
2 12 [0,64,0] 6 2 [138,151,139] 8 10 [137,220,125]
3 2 [64,75,66] 6 4 [127,155,124] 8 12 [120,223,106]
3 4 [52,78,54] 6 6 [114,159,109] 8 14 [99,226,87]
3 6 [37,81,41] 6 8 [99,163,93] 8 16 [71,229,64]
3 8 [10,84,27] 6 10 [82,166,77] 8 18 [12,232,28]
3 10 [0,86,9] 6 12 [60,169,58] 8 20 [0,235,0]
3 12 [0,88,0] 6 14 [11,172,33] 8 22 [0,237,0]
3 14 [0,90,0] 6 16 [0,174,0] 8 24 [0,239,0]
4 2 [88,99,89] 6 18 [0,176,0] 9 2 [217,231,216]
4 4 [76,103,75] 6 20 [0,178,0] 9 4 [204,236,199]
4 6 [61,107,61] 7 2 [164,177,165] 9 6 [189,241,180]
4 8 [42,110,45] 7 4 [153,182,149] 9 8 [176,245,164]
4 10 [0,113,27] 7 6 [141,185,135] 9 10 [160,249,145]
4 12 [0,115,0] 7 8 [127,189,119] 9 12 [144,252,128]
4 14 [0,117,0] 7 10 [111,192,102] 9 14 [124,255,108]
4 16 [0,119,0] 7 12 [92,196,83] 9 16 [99,255,84]
5 2 [113,125,114] 7 14 [68,199,63] 9 18 [64,255,55]

# 2.5G

1 2 [20,31,26] 4 22 [0,125,30] 7 6 [128,187,149]
1 4 [0,35,19] 4 24 [0,127,27] 7 8 [107,191,138]
1 6 [0,38,13] 4 26 [0,128,24] 7 10 [80,195,128]
1 8 [0,41,8] 5 2 [110,126,118] 7 12 [32,198,118]
2 2 [41,52,47] 5 4 [94,130,109] 7 14 [0,202,109]
2 4 [24,55,40] 5 6 [74,134,100] 7 16 [0,205,100]
2 6 [0,58,34] 5 8 [46,138,91] 7 18 [0,207,91]
2 8 [0,60,29] 5 10 [0,141,83] 7 20 [0,210,82]
2 10 [0,63,24] 5 12 [0,144,74] 7 22 [0,212,73]
2 12 [0,65,19] 5 14 [0,147,67] 7 24 [0,214,66]
2 14 [0,66,16] 5 16 [0,149,59] 7 26 [0,217,57]
2 16 [0,68,13] 5 18 [0,152,53] 8 2 [186,205,195]
3 2 [62,75,68] 5 20 [0,153,47] 8 4 [170,210,184]
3 4 [45,79,61] 5 22 [0,155,42] 8 6 [151,215,173]
3 6 [18,82,54] 5 24 [0,156,37] 8 8 [132,218,162]
3 8 [0,85,48] 5 26 [0,158,33] 8 10 [109,222,152]
3 10 [0,88,42] 5 28 [0,159,29] 8 12 [74,226,141]
3 12 [0,90,36] 6 2 [135,152,143] 8 14 [0,229,131]
3 14 [0,91,32] 6 4 [118,157,133] 8 16 [0,233,120]
3 16 [0,93,28] 6 6 [100,161,123] 8 18 [0,236,110]
3 18 [0,94,25] 6 8 [78,164,114] 8 20 [0,239,100]
3 20 [0,95,22] 6 10 [43,168,105] 8 22 [0,241,91]
3 22 [0,97,20] 6 12 [0,171,97] 8 24 [0,243,82]
4 2 [85,100,93] 6 14 [0,174,87] 9 2 [212,232,222]
4 4 [68,104,84] 6 16 [0,177,79] 9 4 [195,237,210]
4 6 [43,108,75] 6 18 [0,179,71] 9 6 [174,243,196]
4 8 [0,112,68] 6 20 [0,182,64] 9 8 [154,247,185]
4 10 [0,115,60] 6 22 [0,184,57] 9 10 [130,251,173]
4 12 [0,117,53] 6 24 [0,186,50] 9 12 [102,255,163]
4 14 [0,119,47] 6 26 [0,188,43] 9 14 [56,255,151]
4 16 [0,121,42] 6 28 [0,189,37] 9 16 [0,255,140]
4 18 [0,123,37] 7 2 [161,178,169]
4 20 [0,124,34] 7 4 [144,183,159]

# 5.0G

1 2 [19,31,27] 4 20 [0,125,66] 7 2 [158,178,173]
1 4 [0,35,23] 4 22 [0,126,65] 7 4 [139,183,166]
1 6 [0,38,20] 4 24 [0,127,65] 7 6 [119,188,160]
1 8 [0,41,18] 4 26 [0,128,64] 7 8 [93,192,154]
2 2 [40,52,48] 5 2 [108,126,121] 7 10 [51,196,148]
2 4 [21,55,44] 5 4 [89,130,114] 7 12 [0,199,143]
2 6 [0,58,40] 5 6 [66,135,109] 7 14 [0,203,138]
2 8 [0,61,38] 5 8 [19,138,103] 7 16 [0,206,135]
2 10 [0,63,35] 5 10 [0,142,99] 7 18 [0,209,132]
2 12 [0,65,34] 5 12 [0,145,95] 7 20 [0,211,129]
2 14 [0,66,33] 5 14 [0,148,92] 7 22 [0,214,126]
2 16 [0,68,32] 5 16 [0,150,90] 7 24 [0,216,124]
3 2 [60,75,70] 5 18 [0,152,88] 7 26 [0,217,123]
3 4 [40,79,65] 5 20 [0,154,86] 8 2 [184,205,199]
3 6 [0,83,61] 5 22 [0,155,85] 8 4 [165,210,192]
3 8 [0,85,58] 5 24 [0,157,83] 8 6 [142,215,184]
3 10 [0,88,55] 5 26 [0,158,82] 8 8 [117,220,178]
3 12 [0,90,53] 5 28 [0,160,82] 8 10 [83,224,172]
3 14 [0,92,51] 6 2 [133,152,146] 8 12 [0,228,167]
3 16 [0,93,50] 6 4 [113,157,139] 8 14 [0,231,162]
3 18 [0,94,49] 6 6 [91,161,133] 8 16 [0,234,158]
3 20 [0,96,48] 6 8 [62,165,128] 8 18 [0,237,154]
3 22 [0,97,47] 6 10 [0,169,124] 8 20 [0,240,151]
4 2 [84,100,95] 6 12 [0,172,119] 8 22 [0,243,148]
4 4 [63,105,89] 6 14 [0,175,115] 9 2 [210,232,226]
4 6 [33,109,84] 6 16 [0,178,112] 9 4 [189,238,218]
4 8 [0,112,79] 6 18 [0,180,110] 9 6 [163,244,209]
4 10 [0,115,76] 6 20 [0,183,107] 9 8 [137,249,203]
4 12 [0,118,73] 6 22 [0,185,105] 9 10 [105,253,197]
4 14 [0,120,70] 6 24 [0,187,103] 9 12 [46,255,191]
4 16 [0,122,69] 6 26 [0,188,102]
4 18 [0,123,67] 6 28 [0,190,101]

# 7.5

1 2 [18,31,28] 4 18 [0,124,81] 6 26 [0,188,121]
1 4 [0,35,26] 4 20 [0,125,81] 6 28 [0,190,120]
1 6 [0,38,25] 4 22 [0,126,80] 7 2 [157,178,175]
1 8 [0,41,24] 4 24 [0,127,80] 7 4 [137,183,170]
2 2 [39,52,49] 4 26 [0,128,80] 7 6 [115,188,166]
2 4 [17,56,47] 5 2 [107,126,123] 7 8 [85,192,162]
2 6 [0,58,45] 5 4 [86,131,118] 7 10 [26,196,158]
2 8 [0,61,44] 5 6 [60,135,115] 7 12 [0,200,155]
2 10 [0,63,43] 5 8 [0,139,112] 7 14 [0,203,152]
2 12 [0,65,42] 5 10 [0,142,109] 7 16 [0,206,150]
2 14 [0,67,42] 5 12 [0,145,107] 7 18 [0,209,148]
2 16 [0,68,42] 5 14 [0,148,105] 7 20 [0,212,146]
3 2 [59,75,72] 5 16 [0,150,104] 7 22 [0,214,145]
3 4 [36,80,69] 5 18 [0,152,103] 7 24 [0,216,144]
3 6 [0,83,66] 5 20 [0,154,102] 7 26 [0,217,143]
3 8 [0,85,65] 5 22 [0,156,101] 8 2 [183,205,202]
3 10 [0,88,63] 5 24 [0,157,101] 8 4 [162,210,197]
3 12 [0,90,62] 5 26 [0,158,100] 8 6 [137,215,192]
3 14 [0,92,62] 5 28 [0,160,100] 8 8 [110,220,188]
3 16 [0,93,61] 6 2 [132,152,149] 8 10 [70,224,183]
3 18 [0,95,61] 6 4 [110,157,144] 8 12 [0,228,180]
3 20 [0,96,60] 6 6 [86,161,140] 8 14 [0,231,177]
3 22 [0,97,60] 6 8 [51,165,137] 8 16 [0,235,174]
4 2 [82,100,97] 6 10 [0,169,134] 8 18 [0,238,171]
4 4 [60,105,93] 6 12 [0,172,131] 8 20 [0,240,169]
4 6 [23,109,90] 6 14 [0,175,129] 9 2 [208,232,229]
4 8 [0,112,87] 6 16 [0,178,127] 9 4 [186,238,223]
4 10 [0,115,85] 6 18 [0,181,125] 9 6 [158,244,217]
4 12 [0,118,84] 6 20 [0,183,124] 9 8 [128,249,212]
4 14 [0,120,83] 6 22 [0,185,123] 9 10 [92,253,208]
4 16 [0,122,82] 6 24 [0,187,122] 9 12 [0,255,204]

# 10.0G

1 2 [17,31,30] 4 18 [0,124,94] 6 26 [0,188,139]
1 4 [0,35,29] 4 20 [0,125,94] 7 2 [156,178,178]
1 6 [0,38,30] 4 22 [0,126,95] 7 4 [135,183,175]
1 8 [0,41,31] 4 24 [0,127,95] 7 6 [110,188,172]
2 2 [38,52,51] 4 26 [0,128,95] 7 8 [77,192,170]
2 4 [13,56,50] 5 2 [106,126,125] 7 10 [0,196,168]
2 6 [0,58,49] 5 4 [84,131,123] 7 12 [0,200,167]
2 8 [0,61,49] 5 6 [55,135,121] 7 14 [0,203,166]
2 10 [0,63,50] 5 8 [0,139,119] 7 16 [0,206,165]
2 12 [0,65,50] 5 10 [0,142,118] 7 18 [0,209,164]
2 14 [0,67,51] 5 12 [0,146,117] 7 20 [0,212,163]
2 16 [0,68,52] 5 14 [0,148,117] 7 22 [0,214,162]
3 2 [58,75,74] 5 16 [0,150,117] 7 24 [0,216,162]
3 4 [32,80,72] 5 18 [0,153,117] 8 2 [182,205,205]
3 6 [0,83,72] 5 20 [0,154,116] 8 4 [160,210,201]
3 8 [0,86,71] 5 22 [0,156,117] 8 6 [134,215,199]
3 10 [0,88,71] 5 24 [0,157,117] 8 8 [104,220,196]
3 12 [0,90,71] 5 26 [0,158,117] 8 10 [56,224,194]
3 14 [0,92,71] 5 28 [0,159,117] 8 12 [0,228,192]
3 16 [0,94,72] 6 2 [131,152,151] 8 14 [0,231,191]
3 18 [0,95,72] 6 4 [107,157,148] 8 16 [0,235,189]
3 20 [0,96,73] 6 6 [82,161,146] 8 18 [0,238,188]
3 22 [0,97,73] 6 8 [38,165,145] 8 20 [0,241,187]
4 2 [81,100,99] 6 10 [0,169,143] 9 2 [208,232,232]
4 4 [57,105,97] 6 12 [0,173,142] 9 4 [183,238,228]
4 6 [10,109,96] 6 14 [0,175,141] 9 6 [154,244,225]
4 8 [0,112,95] 6 16 [0,178,140] 9 8 [120,249,222]
4 10 [0,115,94] 6 18 [0,181,140] 9 10 [77,253,220]
4 12 [0,118,94] 6 20 [0,183,139] 9 12 [0,255,218]
4 14 [0,120,94] 6 22 [0,185,139]
4 16 [0,122,94] 6 24 [0,187,139]

# 2.5BG

1 2 [15,32,31] 4 14 [0,120,108] 6 20 [0,183,159]
1 4 [0,35,33] 4 16 [0,122,109] 6 22 [0,185,160]
1 6 [0,38,36] 4 18 [0,124,110] 7 2 [156,178,180]
1 8 [0,41,39] 4 20 [0,125,111] 7 4 [133,183,179]
2 2 [37,52,52] 4 22 [0,126,112] 7 6 [108,188,178]
2 4 [8,56,54] 4 24 [0,127,113] 7 8 [69,192,178]
2 6 [0,58,55] 5 2 [105,126,127] 7 10 [0,196,179]
2 8 [0,61,57] 5 4 [82,131,127] 7 12 [0,200,179]
2 10 [0,63,58] 5 6 [51,135,127] 7 14 [0,203,180]
2 12 [0,65,60] 5 8 [0,139,128] 7 16 [0,206,181]
2 14 [0,67,61] 5 10 [0,142,129] 7 18 [0,209,181]
3 2 [57,75,76] 5 12 [0,146,130] 7 20 [0,211,182]
3 4 [28,80,77] 5 14 [0,148,131] 7 22 [0,214,183]
3 6 [0,83,78] 5 16 [0,150,133] 8 2 [181,205,207]
3 8 [0,86,79] 5 18 [0,153,134] 8 4 [158,210,205]
3 10 [0,88,81] 5 20 [0,155,135] 8 6 [131,215,205]
3 12 [0,90,82] 5 22 [0,156,136] 8 8 [98,220,204]
3 14 [0,92,83] 5 24 [0,157,137] 8 10 [36,224,204]
3 16 [0,94,85] 6 2 [130,152,153] 8 12 [0,228,204]
3 18 [0,95,86] 6 4 [105,157,153] 8 14 [0,231,205]
3 20 [0,96,87] 6 6 [78,161,152] 8 16 [0,234,205]
4 2 [80,100,101] 6 8 [19,165,153] 8 18 [0,238,206]
4 4 [54,105,102] 6 10 [0,169,154] 9 2 [207,232,234]
4 6 [0,109,102] 6 12 [0,172,154] 9 4 [182,238,233]
4 8 [0,112,103] 6 14 [0,175,155] 9 6 [150,244,232]
4 10 [0,115,105] 6 16 [0,178,156] 9 8 [113,249,231]
4 12 [0,118,106] 6 18 [0,181,157] 9 10 [61,253,231]

# 5.0BG

1 2 [14,32,34] 4 14 [0,120,124] 6 20 [0,183,180]
1 4 [0,35,39] 4 16 [0,122,127] 7 2 [155,178,183]
1 6 [0,38,44] 4 18 [0,124,129] 7 4 [131,183,185]
2 2 [36,52,55] 4 20 [0,125,132] 7 6 [105,187,186]
2 4 [4,55,58] 5 2 [104,126,130] 7 8 [60,192,189]
2 6 [0,58,62] 5 4 [80,130,132] 7 10 [0,196,191]
2 8 [0,61,66] 5 6 [45,134,135] 7 12 [0,199,194]
2 10 [0,63,70] 5 8 [0,138,139] 7 14 [0,203,196]
2 12 [0,65,73] 5 10 [0,142,142] 7 16 [0,206,199]
3 2 [56,75,78] 5 12 [0,145,145] 7 18 [0,209,202]
3 4 [24,80,82] 5 14 [0,148,148] 7 20 [0,211,204]
3 6 [0,83,85] 5 16 [0,150,151] 8 2 [181,205,210]
3 8 [0,85,89] 5 18 [0,153,154] 8 4 [157,210,211]
3 10 [0,88,93] 5 20 [0,155,157] 8 6 [129,215,213]
3 12 [0,90,96] 5 22 [0,156,159] 8 8 [89,219,215]
3 14 [0,92,99] 6 2 [129,152,156] 8 10 [0,224,217]
3 16 [0,94,102] 6 4 [104,157,158] 8 12 [0,228,219]
3 18 [0,95,104] 6 6 [72,161,161] 8 14 [0,231,221]
4 2 [80,100,104] 6 8 [0,165,164] 8 16 [0,234,223]
4 4 [52,105,107] 6 10 [0,169,167] 9 2 [207,232,237]
4 6 [0,109,110] 6 12 [0,172,169] 9 4 [180,238,238]
4 8 [0,112,114] 6 14 [0,175,172] 9 6 [147,244,240]
4 10 [0,115,117] 6 16 [0,178,175] 9 8 [105,249,241]
4 12 [0,118,121] 6 18 [0,181,178] 9 10 [37,253,243]

# 7.5BG

1 2 [13,31,36] 4 12 [0,117,133] 7 2 [155,178,185]
1 4 [0,35,42] 4 14 [0,120,138] 7 4 [130,183,190]
1 6 [0,38,49] 4 16 [0,122,142] 7 6 [103,187,194]
2 2 [36,52,56] 4 18 [0,124,145] 7 8 [55,191,198]
2 4 [1,55,62] 5 2 [104,126,132] 7 10 [0,195,203]
2 6 [0,58,67] 5 4 [79,130,137] 7 12 [0,199,208]
2 8 [0,61,73] 5 6 [40,134,142] 7 14 [0,202,212]
2 10 [0,63,78] 5 8 [0,138,147] 7 16 [0,205,217]
2 12 [0,65,82] 5 10 [0,141,153] 7 18 [0,208,221]
3 2 [56,75,81] 5 12 [0,145,158] 8 2 [181,204,213]
3 4 [21,79,87] 5 14 [0,147,163] 8 4 [157,209,216]
3 6 [0,82,92] 5 16 [0,150,167] 8 6 [125,214,221]
3 8 [0,85,97] 5 18 [0,153,172] 8 8 [84,219,226]
3 10 [0,88,102] 6 2 [129,152,159] 8 10 [0,223,230]
3 12 [0,90,106] 6 4 [103,157,164] 8 12 [0,227,234]
3 14 [0,92,110] 6 6 [70,161,168] 8 14 [0,230,238]
3 16 [0,94,114] 6 8 [0,165,173] 8 16 [0,234,242]
4 2 [79,100,106] 6 10 [0,168,178] 9 2 [207,231,241]
4 4 [51,104,111] 6 12 [0,172,183] 9 4 [179,238,245]
4 6 [0,108,117] 6 14 [0,175,187] 9 6 [145,243,249]
4 8 [0,112,123] 6 16 [0,177,191] 9 8 [97,248,254]
4 10 [0,115,128] 6 18 [0,180,196] 9 10 [0,252,255]

# 10.0BG

1 2 [12,31,38] 4 12 [0,117,147] 7 2 [156,177,188]
1 4 [0,34,46] 4 14 [0,119,154] 7 4 [131,182,195]
1 6 [0,37,55] 4 16 [0,121,159] 7 6 [103,186,201]
2 2 [35,52,58] 5 2 [105,125,134] 7 8 [52,190,209]
2 4 [0,55,66] 5 4 [80,129,142] 7 10 [0,194,216]
2 6 [0,57,74] 5 6 [39,133,150] 7 12 [0,198,223]
2 8 [0,60,82] 5 8 [0,137,157] 7 14 [0,201,230]
2 10 [0,63,89] 5 10 [0,140,165] 7 16 [0,205,238]
3 2 [55,75,83] 5 12 [0,144,173] 8 2 [183,204,215]
3 4 [21,79,91] 5 14 [0,146,179] 8 4 [157,209,222]
3 6 [0,82,99] 5 16 [0,149,186] 8 6 [125,214,228]
3 8 [0,84,106] 6 2 [130,151,161] 8 8 [82,218,235]
3 10 [0,87,114] 6 4 [105,156,168] 8 10 [0,222,242]
3 12 [0,90,120] 6 6 [70,160,176] 8 12 [0,226,249]
3 14 [0,92,127] 6 8 [0,164,183] 8 14 [0,230,255]
4 2 [79,100,108] 6 10 [0,167,190] 9 2 [209,231,243]
4 4 [51,104,116] 6 12 [0,170,197] 9 4 [180,237,250]
4 6 [0,107,124] 6 14 [0,173,204] 9 6 [144,242,255]
4 8 [0,111,132] 6 16 [0,176,211]
4 10 [0,114,140] 6 18 [0,179,218]

# 2.5B

1 2 [12,31,39] 4 10 [0,112,151] 6 14 [0,172,220]
1 4 [0,34,49] 4 12 [0,115,159] 6 16 [0,175,230]
1 6 [0,36,59] 4 14 [0,118,169] 7 2 [158,177,190]
2 2 [35,52,60] 4 16 [0,120,175] 7 4 [133,181,199]
2 4 [0,54,69] 5 2 [106,125,136] 7 6 [105,185,208]
2 6 [0,57,79] 5 4 [82,129,146] 7 8 [58,189,217]
2 8 [0,60,89] 5 6 [43,132,155] 7 10 [0,193,227]
2 10 [0,62,99] 5 8 [0,135,165] 7 12 [0,196,238]
3 2 [55,75,85] 5 10 [0,139,175] 7 14 [0,199,247]
3 4 [22,78,95] 5 12 [0,142,186] 7 16 [0,203,255]
3 6 [0,81,105] 5 14 [0,145,194] 8 2 [185,203,217]
3 8 [0,84,114] 5 16 [0,148,204] 8 4 [158,208,226]
3 10 [0,86,124] 6 2 [131,151,163] 8 6 [127,213,235]
3 12 [0,89,133] 6 4 [107,155,172] 8 8 [84,217,245]
4 2 [80,99,110] 6 6 [73,159,182] 8 10 [0,221,255]
4 4 [53,103,120] 6 8 [0,162,192] 8 12 [0,225,255]
4 6 [0,106,130] 6 10 [0,165,201] 9 2 [211,230,245]
4 8 [0,109,140] 6 12 [0,169,211] 9 4 [181,236,255]

# 5.0B

1 2 [12,31,41] 4 8 [0,107,148] 6 12 [0,165,224]
1 4 [0,33,52] 4 10 [0,110,159] 6 14 [0,168,237]
1 6 [0,35,63] 4 12 [0,112,171] 6 16 [0,172,250]
2 2 [36,51,61] 4 14 [0,115,183] 7 2 [160,176,191]
2 4 [3,54,72] 5 2 [107,124,138] 7 4 [138,180,203]
2 6 [0,56,84] 5 4 [85,128,149] 7 6 [111,183,214]
2 8 [0,58,97] 5 6 [53,131,161] 7 8 [72,187,226]
2 10 [0,60,108] 5 8 [0,133,173] 7 10 [0,190,240]
3 2 [56,74,87] 5 10 [0,136,185] 7 12 [0,193,254]
3 4 [26,77,99] 5 12 [0,139,198] 7 14 [0,196,255]
3 6 [0,80,110] 5 14 [0,141,210] 8 2 [188,202,218]
3 8 [0,82,122] 5 16 [0,144,223] 8 4 [163,207,230]
3 10 [0,84,134] 6 2 [134,150,164] 8 6 [135,210,243]
3 12 [0,86,145] 6 4 [112,154,175] 8 8 [92,214,255]
4 2 [81,99,112] 6 6 [82,157,188] 9 2 [214,229,247]
4 4 [57,102,123] 6 8 [25,160,200] 9 4 [185,235,255]
4 6 [7,105,135] 6 10 [0,163,212]

# 7.5B

1 2 [14,30,42] 4 6 [33,103,138] 6 10 [0,160,218]
1 4 [0,32,54] 4 8 [0,105,152] 6 12 [0,162,232]
1 6 [0,33,65] 4 10 [0,107,164] 6 14 [0,165,247]
1 8 [0,35,77] 4 12 [0,109,177] 6 16 [0,167,255]
2 2 [37,51,63] 4 14 [0,111,190] 7 2 [163,175,192]
2 4 [10,53,75] 5 2 [109,124,139] 7 4 [143,179,205]
2 6 [0,55,88] 5 4 [90,126,152] 7 6 [120,181,218]
2 8 [0,56,101] 5 6 [65,129,164] 7 8 [88,184,232]
2 10 [0,58,114] 5 8 [3,131,177] 7 10 [0,187,247]
3 2 [57,74,88] 5 10 [0,133,191] 7 12 [0,190,255]
3 4 [34,76,102] 5 12 [0,135,205] 8 2 [190,201,219]
3 6 [0,78,114] 5 14 [0,138,218] 8 4 [168,205,233]
3 8 [0,80,126] 5 16 [0,140,233] 8 6 [143,209,247]
3 10 [0,82,139] 6 2 [136,149,165] 8 8 [106,212,255]
3 12 [0,84,152] 6 4 [118,152,178] 9 2 [217,228,247]
4 2 [83,98,113] 6 6 [93,155,191] 9 4 [191,233,255]
4 4 [63,101,126] 6 8 [57,157,205]

# 10.0B

1 2 [16,30,44] 4 6 [47,101,140] 6 8 [78,155,208]
1 4 [0,31,55] 4 8 [0,103,154] 6 10 [31,157,221]
1 6 [0,32,66] 4 10 [0,104,167] 6 12 [0,159,237]
1 8 [0,33,79] 4 12 [0,106,180] 6 14 [0,161,253]
2 2 [39,50,64] 4 14 [0,108,194] 6 16 [0,163,255]
2 4 [19,52,77] 4 16 [0,109,208] 7 2 [166,174,193]
2 6 [0,53,90] 5 2 [112,123,140] 7 4 [149,177,206]
2 8 [0,55,104] 5 4 [97,125,153] 7 6 [130,179,220]
2 10 [0,56,117] 5 6 [77,127,167] 7 8 [106,181,235]
3 2 [60,73,90] 5 8 [45,129,180] 7 10 [67,183,252]
3 4 [41,75,103] 5 10 [0,130,194] 7 12 [0,186,255]
3 6 [0,76,116] 5 12 [0,132,208] 8 2 [193,200,220]
3 8 [0,78,129] 5 14 [0,134,222] 8 4 [175,203,235]
3 10 [0,79,142] 5 16 [0,136,238] 8 6 [154,206,250]
3 12 [0,81,156] 5 18 [0,138,251] 8 8 [124,209,255]
3 14 [0,82,169] 6 2 [139,148,166] 9 2 [220,227,248]
4 2 [86,97,114] 6 4 [124,151,179] 9 4 [197,231,255]
4 4 [69,99,127] 6 6 [104,153,194]

# 2.5PB

1 2 [19,29,44] 4 2 [89,97,115] 5 18 [0,130,255]
1 4 [3,30,56] 4 4 [77,98,129] 6 2 [142,147,167]
1 6 [0,30,68] 4 6 [62,99,142] 6 4 [131,149,180]
1 8 [0,30,80] 4 8 [35,100,156] 6 6 [116,150,195]
2 2 [41,50,65] 4 10 [0,100,169] 6 8 [99,151,210]
2 4 [28,50,78] 4 12 [0,101,183] 6 10 [76,152,225]
2 6 [0,51,92] 4 14 [0,102,197] 6 12 [21,154,241]
2 8 [0,52,106] 4 16 [0,103,212] 6 14 [0,155,255]
2 10 [0,52,119] 4 18 [0,103,226] 7 2 [169,173,193]
2 12 [0,52,132] 5 2 [115,122,141] 7 4 [157,175,208]
3 2 [63,72,91] 5 4 [103,123,154] 7 6 [142,176,222]
3 4 [50,73,105] 5 6 [89,124,169] 7 8 [125,178,238]
3 6 [29,74,118] 5 8 [70,125,183] 7 10 [100,179,255]
3 8 [0,75,131] 5 10 [39,126,197] 8 2 [196,199,220]
3 10 [0,75,144] 5 12 [0,127,211] 8 4 [182,201,236]
3 12 [0,76,158] 5 14 [0,128,225] 8 6 [166,203,253]
3 14 [0,77,172] 5 16 [0,129,241] 9 2 [224,226,248]

# 5.0PB

1 2 [23,28,45] 3 16 [0,70,187] 5 16 [0,123,243]
1 4 [13,28,56] 3 18 [0,69,202] 5 18 [0,123,255]
1 6 [0,28,68] 4 2 [92,96,116] 6 2 [145,147,167]
1 8 [0,27,81] 4 4 [84,96,129] 6 4 [137,147,181]
1 10 [0,25,94] 4 6 [74,96,143] 6 6 [127,148,196]
2 2 [44,49,66] 4 8 [59,97,157] 6 8 [115,148,211]
2 4 [35,49,79] 4 10 [38,97,170] 6 10 [101,148,225]
2 6 [20,49,92] 4 12 [0,97,183] 6 12 [78,149,242]
2 8 [0,49,106] 4 14 [0,97,198] 6 14 [39,149,255]
2 10 [0,48,119] 4 16 [0,96,212] 7 2 [172,172,193]
2 12 [0,47,132] 4 18 [0,96,228] 7 4 [163,173,208]
2 14 [0,45,146] 4 20 [0,95,245] 7 6 [152,174,223]
3 2 [66,71,91] 5 2 [119,121,141] 7 8 [141,174,239]
3 4 [57,72,105] 5 4 [111,121,155] 7 10 [124,175,255]
3 6 [45,72,119] 5 6 [101,122,169] 8 2 [198,199,220]
3 8 [26,72,132] 5 8 [88,122,183] 8 4 [189,200,236]
3 10 [0,72,145] 5 10 [72,122,198] 8 6 [177,200,254]
3 12 [0,71,159] 5 12 [46,123,212] 9 2 [226,225,248]
3 14 [0,71,173] 5 14 [0,123,226]

# 7.5PB

1 2 [27,27,45] 2 28 [62,0,198] 4 20 [62,73,235]
1 4 [25,25,56] 2 30 [66,0,208] 4 22 [62,68,245]
1 6 [23,23,68] 2 32 [70,0,217] 4 24 [63,62,255]
1 8 [24,19,78] 2 34 [74,0,227] 4 26 [64,54,255]
1 10 [25,14,87] 2 36 [79,0,237] 5 2 [122,120,141]
1 12 [28,6,95] 2 38 [83,0,248] 5 4 [118,119,154]
1 14 [31,0,104] 3 2 [71,70,92] 5 6 [114,118,169]
1 16 [36,0,113] 3 4 [67,69,105] 5 8 [110,117,183]
1 18 [39,0,120] 3 6 [64,68,119] 5 10 [105,116,196]
1 20 [43,0,128] 3 8 [60,66,131] 5 12 [99,114,210]
1 22 [47,0,136] 3 10 [55,64,144] 5 14 [93,113,225]
1 24 [51,0,145] 3 12 [52,61,156] 5 16 [86,110,239]
1 26 [56,0,155] 3 14 [51,57,168] 5 18 [80,107,254]
1 28 [61,0,165] 3 16 [51,52,180] 5 20 [74,104,255]
1 30 [66,0,176] 3 18 [52,47,191] 6 2 [148,146,167]
1 32 [72,0,189] 3 20 [53,40,200] 6 4 [144,145,181]
1 34 [77,0,199] 3 22 [56,30,211] 6 6 [140,144,196]
1 36 [82,0,210] 3 24 [59,13,221] 6 8 [136,143,209]
1 38 [88,0,223] 3 26 [61,0,230] 6 10 [131,142,223]
2 2 [48,48,66] 3 28 [64,0,239] 6 12 [124,141,240]
2 4 [45,46,79] 3 30 [68,0,250] 6 14 [116,139,255]
2 6 [42,45,91] 3 32 [72,0,255] 7 2 [175,171,193]
2 8 [39,42,104] 3 34 [75,0,255] 7 4 [171,171,208]
2 10 [37,39,116] 4 2 [96,94,116] 7 6 [166,170,223]
2 12 [37,35,126] 4 4 [93,94,129] 7 8 [160,169,240]
2 14 [39,30,136] 4 6 [89,93,142] 7 10 [155,168,255]
2 16 [41,22,145] 4 8 [84,91,156] 8 2 [202,198,220]
2 18 [44,8,155] 4 10 [79,90,169] 8 4 [197,197,236]
2 20 [48,0,164] 4 12 [74,88,182] 8 6 [191,197,254]
2 22 [51,0,174] 4 14 [70,86,195] 9 2 [229,225,248]
2 24 [55,0,182] 4 16 [66,82,208]
2 26 [59,0,190] 4 18 [64,79,221]

# 10.0PB

1 2 [32,26,45] 3 2 [75,69,91] 5 2 [125,119,140]
1 4 [33,23,55] 3 4 [75,67,104] 5 4 [125,117,153]
1 6 [35,19,65] 3 6 [76,64,116] 5 6 [125,115,168]
1 8 [38,14,73] 3 8 [78,61,127] 5 8 [125,113,180]
1 10 [41,7,81] 3 10 [79,57,139] 5 10 [126,110,192]
1 12 [44,0,90] 3 12 [81,53,149] 5 12 [126,107,205]
1 14 [48,0,98] 3 14 [84,47,160] 5 14 [127,104,218]
1 16 [53,0,106] 3 16 [88,39,171] 5 16 [128,100,230]
1 18 [56,0,113] 3 18 [91,30,180] 5 18 [129,96,241]
1 20 [61,0,121] 3 20 [95,16,189] 5 20 [131,91,253]
1 22 [65,0,129] 3 22 [99,0,199] 5 22 [135,84,255]
1 24 [70,0,138] 3 24 [103,0,208] 6 2 [151,145,166]
1 26 [75,0,149] 3 26 [107,0,218] 6 4 [151,143,180]
1 28 [82,0,160] 3 28 [112,0,227] 6 6 [150,141,194]
1 30 [88,0,172] 3 30 [117,0,237] 6 8 [150,139,207]
2 2 [52,46,66] 3 32 [123,0,248] 6 10 [150,137,220]
2 4 [53,44,77] 3 34 [127,0,255] 6 12 [150,134,234]
2 6 [54,41,88] 4 2 [99,93,116] 6 14 [150,131,249]
2 8 [56,38,99] 4 4 [100,91,128] 6 16 [151,127,255]
2 10 [59,33,110] 4 6 [100,89,141] 7 2 [177,171,193]
2 12 [62,27,118] 4 8 [101,87,153] 7 4 [176,169,207]
2 14 [65,17,128] 4 10 [101,84,165] 7 6 [176,167,221]
2 16 [69,2,137] 4 12 [102,80,177] 7 8 [176,165,236]
2 18 [73,0,146] 4 14 [104,77,188] 7 10 [175,163,252]
2 20 [77,0,155] 4 16 [107,72,199] 7 12 [175,159,255]
2 22 [82,0,164] 4 18 [109,66,210] 8 2 [204,197,219]
2 24 [86,0,173] 4 20 [113,58,222] 8 4 [203,196,234]
2 26 [91,0,182] 4 22 [116,51,230] 8 6 [202,194,251]
2 28 [95,0,191] 4 24 [119,41,240] 8 8 [202,191,255]
2 30 [101,0,202] 4 26 [124,22,251] 9 2 [232,224,247]
2 32 [107,0,212] 4 28 [127,0,255] 9 4 [230,222,255]
2 34 [112,0,222] 4 30 [131,0,255]

# 2.5P

1 2 [35,25,44] 3 10 [94,51,133] 5 8 [137,109,176]
1 4 [38,21,53] 3 12 [98,45,142] 5 10 [141,106,186]
1 6 [42,16,61] 3 14 [103,37,152] 5 12 [145,101,198]
1 8 [46,9,69] 3 16 [108,25,161] 5 14 [149,97,208]
1 10 [50,0,76] 3 18 [113,4,170] 5 16 [153,91,218]
1 12 [55,0,84] 3 20 [117,0,178] 5 18 [158,86,228]
1 14 [59,0,92] 3 22 [123,0,188] 5 20 [162,78,239]
1 16 [64,0,99] 3 24 [128,0,197] 5 22 [167,69,250]
1 18 [68,0,106] 3 26 [133,0,206] 5 24 [172,58,255]
1 20 [73,0,114] 3 28 [138,0,215] 5 26 [178,42,255]
1 22 [78,0,122] 3 30 [144,0,225] 6 2 [153,144,166]
1 24 [83,0,129] 3 32 [150,0,235] 6 4 [156,142,178]
1 26 [90,0,140] 3 34 [156,0,244] 6 6 [159,139,191]
2 2 [55,46,65] 4 2 [102,93,115] 6 8 [162,136,203]
2 4 [58,43,75] 4 4 [106,90,127] 6 10 [166,132,215]
2 6 [62,39,84] 4 6 [109,87,137] 6 12 [170,128,227]
2 8 [67,34,94] 4 8 [112,83,148] 6 14 [174,124,238]
2 10 [71,27,103] 4 10 [116,79,158] 6 16 [179,118,251]
2 12 [76,17,112] 4 12 [121,74,169] 6 18 [183,113,255]
2 14 [80,1,120] 4 14 [125,69,179] 7 2 [180,170,192]
2 16 [85,0,129] 4 16 [130,62,189] 7 4 [182,168,205]
2 18 [90,0,137] 4 18 [135,53,199] 7 6 [185,165,218]
2 20 [95,0,146] 4 20 [140,42,209] 7 8 [188,162,231]
2 22 [100,0,155] 4 22 [144,29,217] 7 10 [192,158,245]
2 24 [106,0,164] 4 24 [149,0,226] 7 12 [196,154,255]
2 26 [111,0,173] 4 26 [154,0,237] 8 2 [206,196,218]
2 28 [118,0,184] 4 28 [159,0,246] 8 4 [209,194,233]
2 30 [126,0,196] 4 30 [164,0,255] 8 6 [211,191,248]
3 2 [78,68,90] 4 32 [171,0,255] 8 8 [214,188,255]
3 4 [82,65,102] 5 2 [128,118,139] 9 2 [234,223,247]
3 6 [85,61,113] 5 4 [130,116,152] 9 4 [236,221,255]
3 8 [89,57,123] 5 6 [133,113,164]

# 5.0P

1 2 [37,24,43] 3 16 [120,7,153] 5 16 [168,85,209]
1 4 [42,20,51] 3 18 [126,0,161] 5 18 [174,77,218]
1 6 [47,14,58] 3 20 [131,0,168] 5 20 [180,68,228]
1 8 [51,5,65] 3 22 [137,0,177] 5 22 [186,56,237]
1 10 [56,0,72] 3 24 [143,0,186] 5 24 [193,38,247]
1 12 [61,0,79] 3 26 [149,0,195] 5 26 [199,0,255]
1 14 [67,0,87] 3 28 [156,0,204] 5 28 [206,0,255]
1 16 [72,0,94] 3 30 [162,0,213] 6 2 [156,143,165]
1 18 [77,0,100] 3 32 [170,0,223] 6 4 [161,140,175]
1 20 [82,0,107] 4 2 [105,92,113] 6 6 [166,137,187]
1 22 [88,0,115] 4 4 [110,88,124] 6 8 [171,133,197]
2 2 [57,45,64] 4 6 [115,85,133] 6 10 [177,129,208]
2 4 [62,41,73] 4 8 [121,81,143] 6 12 [183,124,218]
2 6 [67,37,80] 4 10 [126,75,152] 6 14 [189,118,229]
2 8 [73,30,90] 4 12 [132,70,162] 6 16 [195,112,240]
2 10 [78,22,98] 4 14 [138,63,171] 6 18 [200,106,250]
2 12 [84,8,106] 4 16 [144,53,181] 6 20 [207,97,255]
2 14 [90,0,115] 4 18 [150,42,189] 7 2 [182,170,191]
2 16 [95,0,122] 4 20 [156,25,198] 7 4 [187,166,203]
2 18 [100,0,130] 4 22 [161,0,206] 7 6 [192,163,214]
2 20 [106,0,138] 4 24 [167,0,214] 7 8 [197,159,226]
2 22 [112,0,146] 4 26 [173,0,223] 7 10 [203,155,238]
2 24 [118,0,155] 4 28 [179,0,233] 7 12 [209,150,250]
2 26 [126,0,165] 4 30 [185,0,242] 7 14 [215,145,255]
2 28 [133,0,175] 4 32 [193,0,253] 8 2 [208,196,217]
3 2 [81,67,89] 5 2 [130,118,138] 8 4 [213,193,230]
3 4 [87,63,99] 5 4 [135,114,149] 8 6 [218,189,243]
3 6 [92,59,108] 5 6 [141,111,160] 8 8 [225,185,255]
3 8 [97,54,118] 5 8 [146,106,170] 8 10 [231,180,255]
3 10 [103,47,127] 5 10 [152,102,180] 9 2 [235,223,245]
3 12 [109,39,136] 5 12 [157,97,190] 9 4 [241,219,255]
3 14 [115,28,145] 5 14 [163,91,199]

# 7.5P

1 2 [39,23,42] 3 24 [156,0,174] 5 28 [228,0,246]
1 4 [44,19,49] 3 26 [163,0,182] 5 30 [236,0,255]
1 6 [49,12,56] 3 28 [171,0,191] 6 2 [159,143,162]
1 8 [55,3,62] 3 30 [178,0,199] 6 4 [167,139,171]
1 10 [60,0,69] 4 2 [108,91,111] 6 6 [175,134,180]
1 12 [65,0,76] 4 4 [115,87,120] 6 8 [183,129,189]
1 14 [71,0,83] 4 6 [122,82,128] 6 10 [191,124,198]
1 16 [77,0,90] 4 8 [129,77,137] 6 12 [198,118,206]
1 18 [81,0,95] 4 10 [136,71,145] 6 14 [206,112,215]
1 20 [87,0,102] 4 12 [143,64,153] 6 16 [213,104,224]
2 2 [59,44,62] 4 14 [150,55,161] 6 18 [221,96,232]
2 4 [65,40,70] 4 16 [157,43,169] 6 20 [230,83,243]
2 6 [71,35,77] 4 18 [164,25,178] 6 22 [238,69,252]
2 8 [78,28,86] 4 20 [171,0,186] 6 24 [246,50,255]
2 10 [84,17,93] 4 22 [177,0,193] 7 2 [185,169,188]
2 12 [90,0,101] 4 24 [183,0,200] 7 4 [193,165,197]
2 14 [96,0,108] 4 26 [191,0,209] 7 6 [202,160,206]
2 16 [102,0,116] 4 28 [197,0,217] 7 8 [210,155,216]
2 18 [108,0,123] 4 30 [205,0,226] 7 10 [219,150,225]
2 20 [114,0,130] 4 32 [213,0,236] 7 12 [227,144,234]
2 22 [121,0,139] 5 2 [133,117,136] 7 14 [235,137,244]
2 24 [128,0,146] 5 4 [141,113,145] 7 16 [244,130,253]
3 2 [84,66,87] 5 6 [148,108,154] 7 18 [252,121,255]
3 4 [91,62,96] 5 8 [156,103,163] 8 2 [211,195,215]
3 6 [98,57,104] 5 10 [163,98,171] 8 4 [221,191,225]
3 8 [105,50,113] 5 12 [170,91,180] 8 6 [229,187,234]
3 10 [111,43,121] 5 14 [178,84,188] 8 8 [240,181,245]
3 12 [118,32,129] 5 16 [185,76,196] 8 10 [249,175,255]
3 14 [125,14,137] 5 18 [192,66,204] 8 12 [255,169,255]
3 16 [131,0,144] 5 20 [199,53,213] 9 2 [238,222,243]
3 18 [137,0,152] 5 22 [207,30,222] 9 4 [250,217,254]
3 20 [143,0,158] 5 24 [213,0,229] 9 6 [255,212,255]
3 22 [149,0,166] 5 26 [220,0,238]

# 10.0P

1 2 [40,23,41] 4 2 [110,91,109] 6 8 [190,127,181]
1 4 [46,18,47] 4 4 [119,86,116] 6 10 [200,121,188]
1 6 [52,10,54] 4 6 [128,80,123] 6 12 [208,114,195]
1 8 [57,0,60] 4 8 [136,74,130] 6 14 [218,106,202]
1 10 [63,0,66] 4 10 [144,68,136] 6 16 [227,97,209]
1 12 [68,0,72] 4 12 [152,59,143] 6 18 [235,88,216]
1 14 [75,0,79] 4 14 [160,48,150] 6 20 [244,73,224]
1 16 [80,0,85] 4 16 [167,34,156] 6 22 [253,55,232]
1 18 [85,0,91] 4 18 [176,0,164] 6 24 [255,24,239]
2 2 [61,44,61] 4 20 [185,0,172] 6 26 [255,0,247]
2 4 [68,39,67] 4 22 [191,0,178] 7 2 [187,168,187]
2 6 [75,34,74] 4 24 [198,0,184] 7 4 [197,164,193]
2 8 [82,25,81] 4 26 [206,0,192] 7 6 [208,159,200]
2 10 [89,12,88] 4 28 [213,0,198] 7 8 [219,153,208]
2 12 [96,0,95] 4 30 [223,0,208] 7 10 [229,147,215]
2 14 [103,0,102] 5 2 [134,117,134] 7 12 [238,140,222]
2 16 [109,0,109] 5 4 [144,112,141] 7 14 [247,133,230]
2 18 [116,0,116] 5 6 [154,106,148] 7 16 [255,123,238]
2 20 [122,0,122] 5 8 [164,100,155] 7 18 [255,113,246]
2 22 [129,0,130] 5 10 [172,94,162] 7 20 [255,101,253]
3 2 [86,66,85] 5 12 [181,87,169] 7 22 [255,85,255]
3 4 [95,61,92] 5 14 [189,78,176] 8 2 [212,195,213]
3 6 [102,55,99] 5 16 [197,68,182] 8 4 [224,190,220]
3 8 [111,47,107] 5 18 [205,55,189] 8 6 [236,185,228]
3 10 [118,38,114] 5 20 [214,34,196] 8 8 [248,178,236]
3 12 [126,23,121] 5 22 [221,0,203] 8 10 [255,172,244]
3 14 [133,0,128] 5 24 [229,0,210] 8 12 [255,165,252]
3 16 [140,0,134] 5 26 [238,0,217] 8 14 [255,156,255]
3 18 [147,0,142] 5 28 [246,0,224] 9 2 [240,222,241]
3 20 [154,0,148] 5 30 [254,0,232] 9 4 [254,216,249]
3 22 [161,0,154] 6 2 [161,142,160] 9 6 [255,210,255]
3 24 [168,0,162] 6 4 [170,138,167]
3 26 [175,0,168] 6 6 [181,132,174]

# 2.5RP

1 2 [41,22,39] 4 2 [112,90,106] 6 8 [197,125,172]
1 4 [48,17,45] 4 4 [123,85,111] 6 10 [207,119,176]
1 6 [54,9,51] 4 6 [133,79,116] 6 12 [218,111,181]
1 8 [60,0,57] 4 8 [143,72,121] 6 14 [228,101,186]
1 10 [66,0,62] 4 10 [152,64,126] 6 16 [239,91,192]
1 12 [72,0,68] 4 12 [161,54,131] 6 18 [248,79,197]
1 14 [78,0,74] 4 14 [169,40,136] 6 20 [255,60,202]
1 16 [84,0,80] 4 16 [178,18,141] 6 22 [255,38,207]
2 2 [63,43,58] 4 18 [187,0,147] 6 24 [255,0,213]
2 4 [71,38,63] 4 20 [197,0,153] 7 2 [188,168,185]
2 6 [78,32,68] 4 22 [204,0,157] 7 4 [201,163,189]
2 8 [87,22,74] 4 24 [212,0,163] 7 6 [214,157,194]
2 10 [95,4,80] 4 26 [220,0,167] 7 8 [226,151,198]
2 12 [102,0,86] 5 2 [136,116,132] 7 10 [237,144,203]
2 14 [110,0,92] 5 4 [148,111,136] 7 12 [248,136,208]
2 16 [118,0,98] 5 6 [159,105,141] 7 14 [255,128,213]
2 18 [125,0,104] 5 8 [171,98,147] 7 16 [255,117,219]
2 20 [132,0,109] 5 10 [180,91,151] 7 18 [255,104,225]
3 2 [88,65,82] 5 12 [190,82,156] 7 20 [255,88,231]
3 4 [98,59,87] 5 14 [200,72,161] 8 2 [214,195,211]
3 6 [108,53,92] 5 16 [208,60,166] 8 4 [228,189,216]
3 8 [117,44,97] 5 18 [217,42,171] 8 6 [242,183,220]
3 10 [126,32,103] 5 20 [226,2,176] 8 8 [255,176,225]
3 12 [134,12,108] 5 22 [235,0,182] 8 10 [255,169,230]
3 14 [143,0,113] 5 24 [243,0,186] 8 12 [255,161,236]
3 16 [151,0,119] 5 26 [252,0,192] 8 14 [255,151,241]
3 18 [159,0,124] 6 2 [163,142,158] 9 2 [241,222,239]
3 20 [166,0,129] 6 4 [174,137,162] 9 4 [255,216,244]
3 22 [175,0,135] 6 6 [186,131,167] 9 6 [255,209,249]

# 5.0RP

1 2 [43,22,37] 4 2 [114,90,103] 6 8 [203,123,160]
1 4 [50,16,42] 4 4 [126,84,105] 6 10 [214,116,162]
1 6 [57,7,47] 4 6 [138,77,108] 6 12 [226,108,164]
1 8 [63,0,52] 4 8 [149,69,110] 6 14 [238,97,167]
1 10 [70,0,57] 4 10 [158,61,113] 6 16 [249,85,169]
1 12 [76,0,62] 4 12 [169,49,116] 6 18 [255,70,172]
1 14 [82,0,67] 4 14 [178,32,119] 6 20 [255,44,175]
2 2 [64,43,56] 4 16 [187,0,122] 6 22 [255,0,177]
2 4 [73,38,60] 4 18 [197,0,126] 7 2 [190,168,182]
2 6 [81,31,63] 4 20 [207,0,130] 7 4 [204,163,183]
2 8 [91,19,68] 4 22 [215,0,133] 7 6 [219,156,185]
2 10 [99,0,73] 5 2 [138,116,129] 7 8 [232,149,186]
2 12 [107,0,77] 5 4 [151,110,130] 7 10 [244,142,188]
2 14 [115,0,82] 5 6 [164,104,132] 7 12 [255,133,190]
2 16 [124,0,87] 5 8 [177,96,135] 7 14 [255,123,192]
2 18 [131,0,91] 5 10 [188,88,137] 7 16 [255,111,195]
3 2 [89,65,78] 5 12 [199,78,139] 7 18 [255,97,198]
3 4 [101,59,81] 5 14 [209,66,142] 8 2 [215,195,209]
3 6 [112,51,84] 5 16 [219,50,144] 8 4 [231,189,210]
3 8 [122,42,88] 5 18 [229,25,147] 8 6 [247,182,212]
3 10 [131,28,92] 5 20 [239,0,150] 8 8 [255,174,213]
3 12 [140,1,95] 5 22 [248,0,153] 8 10 [255,167,215]
3 14 [149,0,100] 5 24 [255,0,156] 8 12 [255,157,217]
3 16 [158,0,104] 6 2 [164,142,155] 9 2 [243,221,238]
3 18 [166,0,108] 6 4 [177,136,157] 9 4 [255,215,238]
3 20 [174,0,112] 6 6 [191,130,158] 9 6 [255,207,240]

# 7.5RP

1 2 [44,22,36] 4 4 [128,84,100] 6 10 [219,115,151]
1 4 [52,15,40] 4 6 [141,77,100] 6 12 [231,106,151]
1 6 [59,5,43] 4 8 [153,68,101] 6 14 [243,95,152]
1 8 [66,0,47] 4 10 [162,59,102] 6 16 [255,81,153]
1 10 [73,0,52] 4 12 [173,46,103] 6 18 [255,66,153]
1 12 [80,0,56] 4 14 [183,26,104] 6 20 [255,37,155]
2 2 [65,43,54] 4 16 [193,0,106] 7 2 [191,168,180]
2 4 [75,37,56] 4 18 [203,0,108] 7 4 [206,162,179]
2 6 [84,30,59] 4 20 [214,0,110] 7 6 [221,155,178]
2 8 [93,17,62] 5 2 [139,116,127] 7 8 [235,148,178]
2 10 [102,0,66] 5 4 [154,110,126] 7 10 [248,141,177]
2 12 [111,0,69] 5 6 [167,103,126] 7 12 [255,131,177]
2 14 [119,0,73] 5 8 [181,95,126] 7 14 [255,121,177]
2 16 [127,0,77] 5 10 [191,87,126] 7 16 [255,108,178]
3 2 [90,65,76] 5 12 [204,75,126] 8 2 [216,194,208]
3 4 [103,58,77] 5 14 [214,64,127] 8 4 [233,188,206]
3 6 [114,50,78] 5 16 [224,46,128] 8 6 [250,181,205]
3 8 [125,40,79] 5 18 [234,12,129] 8 8 [255,174,204]
3 10 [135,25,81] 5 20 [245,0,131] 8 10 [255,166,204]
3 12 [145,0,83] 5 22 [254,0,132] 8 12 [255,155,203]
3 14 [155,0,85] 6 2 [165,142,153] 9 2 [244,221,236]
3 16 [164,0,88] 6 4 [179,136,152] 9 4 [255,214,234]
3 18 [173,0,91] 6 6 [195,129,152] 9 6 [255,207,232]
4 2 [115,90,101] 6 8 [206,123,151]

# 10.0RP

1 2 [44,21,34] 4 4 [130,83,96] 6 8 [209,122,142]
1 4 [53,14,36] 4 6 [143,76,94] 6 10 [222,114,140]
1 6 [60,4,39] 4 8 [155,68,92] 6 12 [235,105,137]
1 8 [68,0,43] 4 10 [165,58,91] 6 14 [246,94,135]
1 10 [75,0,46] 4 12 [177,43,90] 6 16 [255,79,133]
1 12 [83,0,50] 4 14 [187,20,89] 6 18 [255,62,132]
2 2 [66,43,52] 4 16 [197,0,89] 7 2 [192,168,179]
2 4 [76,37,53] 4 18 [208,0,89] 7 4 [208,162,175]
2 6 [86,29,54] 4 20 [218,0,89] 7 6 [223,155,172]
2 8 [95,15,56] 5 2 [140,116,125] 7 8 [238,148,168]
2 10 [105,0,58] 5 4 [155,109,122] 7 10 [252,140,165]
2 12 [114,0,61] 5 6 [170,103,119] 7 12 [255,130,162]
2 14 [123,0,63] 5 8 [183,95,117] 7 14 [255,120,159]
3 2 [91,65,73] 5 10 [195,86,115] 7 16 [255,107,157]
3 4 [105,58,72] 5 12 [207,74,113] 8 2 [217,194,206]
3 6 [116,50,70] 5 14 [217,62,112] 8 4 [235,188,202]
3 8 [128,39,70] 5 16 [229,42,110] 8 6 [252,181,198]
3 10 [139,22,69] 5 18 [239,0,109] 8 8 [255,173,194]
3 12 [149,0,69] 5 20 [250,0,108] 8 10 [255,165,191]
3 14 [158,0,69] 6 2 [166,141,151] 9 2 [244,221,234]
3 16 [169,0,70] 6 4 [181,136,148] 9 4 [255,214,229]
4 2 [116,90,98] 6 6 [197,129,145] 9 6 [255,206,225]

# N0 
0 0 [0,0,0]

# N1 
0 0 [30,28,30]

# N2 
0 0 [51,49,52]

# N3 
0 0 [74,71,75]

# N4 
0 0 [99,95,101]

# N5 
0 0 [125,121,127]

# N6 
0 0 [151,146,154]

# N7 
0 0 [178,172,181]

# N8 
0 0 [205,198,209]

# N9 
0 0 [232,225,237]

# N10 
0 0 [255,253,255]